1 1 1 1 1 1 5 6 6 6 6 6 6 6 6 6 6 1 1 1 1 1 1 1
1 7 7 5 5 5 5 4 9 9 9 9 9 9 0 6 6 6 6 7 7 7 7 1
1 7 7 5 4 4 4 9 8 9 3 3 3 9 9 9 9 0 6 6 7 7 7 1
1 7 5 4 9 9 9 9 3 8 8 8 3 3 9 3 8 9 0 6 6 7 7 1
1 5 5 4 9 3 3 3 8 8 9 9 8 3 3 9 8 8 9 0 6 7 7 1
1 5 4 9 3 3 9 9 8 9 3 3 9 8 3 9 9 9 9 0 6 6 7 1
1 5 4 9 9 9 8 8 9 3 3 3 3 9 8 9 8 8 9 9 0 6 7 1
1 5 4 9 3 3 3 3 8 9 3 3 9 8 9 8 3 3 8 9 0 6 7 1
1 5 4 9 3 3 3 8 9 3 3 9 8 8 9 8 3 3 8 9 0 6 7 1
1 5 4 9 3 3 3 8 9 3 3 8 8 3 9 8 3 3 8 9 0 6 7 1
1 5 4 9 3 3 3 8 9 3 3 3 3 9 8 3 3 3 8 9 0 6 7 1
1 5 4 9 3 3 3 8 8 9 3 3 9 8 8 3 3 3 8 9 0 6 7 1
1 7 5 4 9 8 3 3 8 8 9 9 8 3 3 3 3 8 9 0 6 6 7 1
1 7 5 4 9 9 8 3 8 9 8 8 3 3 3 3 8 9 0 6 6 7 7 1
1 7 5 4 4 9 9 9 9 8 3 3 3 3 3 8 9 0 6 6 7 7 7 1
1 7 5 5 5 6 6 0 9 9 9 9 9 9 9 9 0 6 6 5 5 5 5 1
1 7 7 7 6 6 0 9 9 9 2 2 2 9 0 0 6 6 5 5 6 6 6 1
1 7 7 6 6 0 9 2 2 9 9 9 2 9 0 6 6 4 4 4 9 0 6 1
1 7 7 6 0 9 2 2 9 9 2 9 2 9 0 6 4 9 9 9 9 0 6 1
1 7 7 6 0 9 9 9 4 9 2 9 9 0 6 6 9 2 2 2 2 9 6 1
1 7 7 5 5 4 4 4 4 9 2 9 0 6 6 4 9 9 9 2 9 0 6 1
1 7 7 7 5 5 5 5 4 9 9 2 9 9 0 9 9 2 2 9 0 6 6 1
1 7 7 7 7 7 7 5 4 4 9 2 2 2 9 6 0 9 9 0 6 6 7 1
1 1 1 1 1 1 1 5 5 4 9 2 9 9 0 6 6 0 0 6 6 1 1 1